2 0.000000 16.600000 135.977011
62 43 
1 -5.242468 0.000000 -4.985100 16.437653 0.000001 2.310497 0.000091 
2 5.412528 0.000000 -4.985100 16.438088 0.000010 2.305956 0.000116 
3 5.412528 0.000000 5.072832 16.440155 0.000019 2.303045 -0.000082 
4 -5.242468 0.000000 5.072832 16.439428 0.000001 2.310412 -0.000119 
5 0.085030 0.000000 0.043866 16.401065 0.001977 -0.498437 0.022923 
6 -5.242468 0.000000 0.043866 16.438617 0.000001 2.311502 -0.000041 
7 0.085030 0.000000 -4.985100 16.436065 0.000004 2.307789 0.000326 
8 5.412528 0.000000 0.043866 16.466839 0.001304 2.105950 -0.000115 
9 0.085030 0.000000 5.072832 16.441433 0.000006 2.307244 -0.000305 
10 2.748779 0.000000 -2.470617 16.437106 0.000037 2.292812 0.000452 
11 0.085030 0.000000 -2.470617 16.428822 0.000010 2.299807 0.001323 
12 2.748779 0.000000 -4.985100 16.437085 0.000008 2.306027 0.000234 
13 5.412528 0.000000 -2.470617 16.439362 0.000041 2.296426 0.000123 
14 2.748779 0.000000 0.043866 16.498694 0.007587 1.872093 -0.000551 
15 -2.578719 0.000000 -2.470617 16.435137 0.000002 2.311157 0.000380 
16 -5.242468 0.000000 -2.470617 16.437720 0.000001 2.311065 0.000074 
17 -2.578719 0.000000 -4.985100 16.436721 0.000002 2.309893 0.000213 
18 -2.578719 0.000000 0.043866 16.439146 0.000000 2.315336 -0.000168 
19 2.748779 0.000000 2.558349 16.444789 0.000063 2.283489 -0.000310 
20 0.085030 0.000000 2.558349 16.449842 -0.000023 2.298409 -0.001161 
21 5.412528 0.000000 2.558349 16.444198 0.000117 2.273130 -0.000068 
22 2.748779 0.000000 5.072832 16.440846 0.000012 2.304578 -0.000191 
23 1.416905 0.000000 -1.213376 16.433611 0.001611 2.241680 0.001710 
24 0.085030 0.000000 -1.213376 16.398065 0.000288 2.266408 0.005541 
25 1.416905 0.000000 -2.470617 16.433130 0.000020 2.292920 0.000925 
26 2.748779 0.000000 -1.213376 16.442132 0.000165 2.255705 0.000465 
27 1.416905 0.000000 0.043866 16.552533 0.089200 1.456831 -0.002020 
28 -2.578719 0.000000 2.558349 16.442400 0.000002 2.310792 -0.000480 
29 -5.242468 0.000000 2.558349 16.439449 0.000001 2.310985 -0.000131 
30 -2.578719 0.000000 5.072832 16.440495 0.000003 2.309681 -0.000234 
31 -1.246844 0.000000 -1.213376 16.424263 -0.000061 2.313893 0.001631 
32 -2.578719 0.000000 -1.213376 16.435391 0.000001 2.313530 0.000310 
33 -1.246844 0.000000 -2.470617 16.431274 0.000002 2.308576 0.000884 
34 -1.246844 0.000000 0.043866 16.441456 0.000284 2.333011 -0.000742 
35 1.416905 0.000000 1.301108 16.459480 0.000137 2.222834 -0.001072 
36 0.085030 0.000000 1.301108 16.480998 0.000530 2.266578 -0.004357 
37 2.748779 0.000000 1.301108 16.456023 0.000385 2.198572 -0.000270 
38 1.416905 0.000000 2.558349 16.447407 0.000030 2.288804 -0.000711 
39 0.750967 0.000000 -0.584755 16.423217 0.003937 2.078320 0.005511 
40 0.085030 0.000000 -0.584755 16.266524 0.000666 2.141642 0.023130 
41 0.750967 0.000000 -1.213376 16.418651 0.001309 2.240896 0.003507 
42 1.416905 0.000000 -0.584755 16.450593 0.000790 2.121658 0.001584 
43 0.750967 0.000000 0.043866 16.550210 0.078865 -0.156344 0.005879 
44 -1.246844 0.000000 1.301108 16.454521 -0.000065 2.312184 -0.001950 
45 -2.578719 0.000000 1.301108 16.442544 0.000001 2.313134 -0.000537 
46 -1.246844 0.000000 2.558349 16.446569 0.000002 2.307813 -0.000928 
47 -0.580907 0.000000 -0.584755 16.377599 0.000979 2.327181 0.006962 
48 -1.246844 0.000000 -0.584755 16.424957 -0.000150 2.324929 0.001363 
49 -0.580907 0.000000 -1.213376 16.407004 0.002040 2.303393 0.003863 
50 -0.580907 0.000000 0.043866 16.454530 0.000776 2.424461 -0.003881 
51 0.750967 0.000000 0.672487 16.489709 0.002791 2.099086 -0.002746 
52 0.085030 0.000000 0.672487 16.589129 0.002055 2.165754 -0.015712 
53 1.416905 0.000000 0.672487 16.473646 0.001247 2.095728 -0.000773 
54 0.750967 0.000000 1.301108 16.468947 -0.000443 2.236668 -0.002427 
55 0.417999 0.000000 -0.270444 16.464989 0.006830 1.675182 0.006016 
56 0.085030 0.000000 -0.270444 15.882890 -0.001789 1.814431 0.072585 
57 0.417999 0.000000 -0.584755 16.357979 -0.003548 2.056019 0.013606 
58 0.750967 0.000000 -0.270444 16.463220 0.003321 1.868526 0.003741 
59 0.417999 0.000000 0.043866 11.850626 -0.063521 2.931007 0.459166 
60 -0.580907 0.000000 0.672487 16.501895 0.000213 2.317885 -0.007712 
61 -1.246844 0.000000 0.672487 16.455483 0.000312 2.322204 -0.002234 
62 -0.580907 0.000000 1.301108 16.470745 -0.001328 2.300872 -0.003700 
1 7 12 10 11 
2 12 2 13 10 
3 10 13 8 14 
4 1 17 15 16 
5 17 7 11 15 
6 16 15 18 6 
7 14 8 21 19 
8 19 21 3 22 
9 20 19 22 9 
10 11 25 23 24 
11 25 10 26 23 
12 23 26 14 27 
13 6 18 28 29 
14 28 20 9 30 
15 29 28 30 4 
16 15 33 31 32 
17 33 11 24 31 
18 32 31 34 18 
19 27 14 37 35 
20 35 37 19 38 
21 36 35 38 20 
22 24 41 39 40 
23 41 23 42 39 
24 39 42 27 43 
25 18 34 44 45 
26 44 36 20 46 
27 45 44 46 28 
28 31 49 47 48 
29 49 24 40 47 
30 47 40 5 50 
31 48 47 50 34 
32 5 43 51 52 
33 43 27 53 51 
34 51 53 35 54 
35 52 51 54 36 
36 40 57 55 56 
37 57 39 58 55 
38 55 58 43 59 
39 56 55 59 5 
40 34 50 60 61 
41 50 5 52 60 
42 60 52 36 62 
43 61 60 62 44 
