2 0.000000 16.600000 135.977011
62 43 
1 -5.242468 0.000000 -4.985100 16.599027 0.000001 0.000207 0.000117 
2 5.412528 0.000000 -4.985100 16.599045 0.000010 -0.006262 0.000115 
3 5.412528 0.000000 5.072832 16.600929 0.000012 -0.005853 -0.000112 
4 -5.242468 0.000000 5.072832 16.600950 0.000001 0.000203 -0.000114 
5 0.085030 0.000000 0.043866 16.644095 0.001917 -0.530565 -0.006341 
6 -5.242468 0.000000 0.043866 16.600000 0.000002 0.001325 -0.000000 
7 0.085030 0.000000 -4.985100 16.596981 0.000005 -0.003060 0.000364 
8 5.412528 0.000000 0.043866 16.599999 0.240923 0.650044 -0.001744 
9 0.085030 0.000000 5.072832 16.602868 0.000006 -0.002868 -0.000346 
10 2.748779 0.000000 -2.470617 16.596192 0.000036 -0.025136 0.000456 
11 0.085030 0.000000 -2.470617 16.587849 0.000026 -0.012385 0.001463 
12 2.748779 0.000000 -4.985100 16.597944 0.000008 -0.005570 0.000248 
13 5.412528 0.000000 -2.470617 16.599090 0.000044 -0.025086 0.000107 
14 2.748779 0.000000 0.043866 16.599932 0.241145 0.646357 -0.001719 
15 -2.578719 0.000000 -2.470617 16.596062 0.000005 0.000838 0.000474 
16 -5.242468 0.000000 -2.470617 16.599065 0.000002 0.000827 0.000113 
17 -2.578719 0.000000 -4.985100 16.597913 0.000003 -0.000514 0.000251 
18 -2.578719 0.000000 0.043866 16.600019 0.000006 0.005322 -0.000002 
19 2.748779 0.000000 2.558349 16.603587 0.000047 -0.022025 -0.000434 
20 0.085030 0.000000 2.558349 16.610999 0.000018 -0.010994 -0.001326 
21 5.412528 0.000000 2.558349 16.600886 0.000056 -0.021963 -0.000108 
22 2.748779 0.000000 5.072832 16.601970 0.000009 -0.005198 -0.000238 
23 1.416905 0.000000 -1.213376 16.585011 0.000057 -0.095536 0.001772 
24 0.085030 0.000000 -1.213376 16.550813 0.000875 -0.047790 0.005909 
25 1.416905 0.000000 -2.470617 16.591758 0.000026 -0.022415 0.000991 
26 2.748779 0.000000 -1.213376 16.596404 0.000149 -0.094881 0.000401 
27 1.416905 0.000000 0.043866 16.599548 0.241147 0.632526 -0.001608 
28 -2.578719 0.000000 2.558349 16.603772 0.000005 0.000801 -0.000454 
29 -5.242468 0.000000 2.558349 16.600919 0.000002 0.000813 -0.000111 
30 -2.578719 0.000000 5.072832 16.602008 0.000003 -0.000488 -0.000242 
31 -1.246844 0.000000 -1.213376 16.584072 0.000027 0.003544 0.001918 
32 -2.578719 0.000000 -1.213376 16.596232 0.000006 0.003351 0.000454 
33 -1.246844 0.000000 -2.470617 16.591537 0.000008 -0.002076 0.001019 
34 -1.246844 0.000000 0.043866 16.600266 0.000110 0.022075 -0.000034 
35 1.416905 0.000000 1.301108 16.613192 0.000575 -0.074955 -0.001610 
36 0.085030 0.000000 1.301108 16.640958 -0.000869 -0.038997 -0.004946 
37 2.748779 0.000000 1.301108 16.603360 0.000235 -0.073954 -0.000425 
38 1.416905 0.000000 2.558349 16.607542 0.000035 -0.019632 -0.000910 
39 0.750967 0.000000 -0.584755 16.544868 0.000287 -0.290020 0.006326 
40 0.085030 0.000000 -0.584755 16.396844 0.000647 -0.149536 0.024246 
41 0.750967 0.000000 -1.213376 16.567510 0.000903 -0.085783 0.003884 
42 1.416905 0.000000 -0.584755 16.586468 0.001699 -0.280334 0.001345 
43 0.750967 0.000000 0.043866 16.576203 -0.071942 0.741673 0.000850 
44 -1.246844 0.000000 1.301108 16.614770 0.000041 0.003154 -0.001780 
45 -2.578719 0.000000 1.301108 16.603665 0.000006 0.003230 -0.000442 
46 -1.246844 0.000000 2.558349 16.607871 0.000009 -0.001915 -0.000949 
47 -0.580907 0.000000 -0.584755 16.538209 0.000233 0.017708 0.007430 
48 -1.246844 0.000000 -0.584755 16.584780 -0.000043 0.014324 0.001832 
49 -0.580907 0.000000 -1.213376 16.565340 0.001091 -0.007303 0.004171 
50 -0.580907 0.000000 0.043866 16.604377 -0.000057 0.097778 -0.000562 
51 0.750967 0.000000 0.672487 16.641570 0.004360 -0.199540 -0.005159 
52 0.085030 0.000000 0.672487 16.754513 0.002254 -0.114329 -0.018750 
53 1.416905 0.000000 0.672487 16.611377 0.000599 -0.185508 -0.001496 
54 0.750967 0.000000 1.301108 16.627236 -0.000422 -0.067615 -0.003301 
55 0.417999 0.000000 -0.270444 16.474167 0.003275 -0.568730 0.013929 
56 0.085030 0.000000 -0.270444 16.003485 -0.001581 -0.296249 0.070260 
57 0.417999 0.000000 -0.584755 16.464504 0.002742 -0.277437 0.015979 
58 0.750967 0.000000 -0.270444 16.561416 0.002421 -0.464277 0.003861 
59 0.417999 0.000000 0.043866 14.626285 0.145674 0.935118 0.220410 
60 -0.580907 0.000000 0.672487 16.655070 -0.000004 0.013692 -0.006647 
61 -1.246844 0.000000 0.672487 16.614466 0.000157 0.013050 -0.001744 
62 -0.580907 0.000000 1.301108 16.630186 -0.000413 -0.006645 -0.003640 
1 7 12 10 11 
2 12 2 13 10 
3 10 13 8 14 
4 1 17 15 16 
5 17 7 11 15 
6 16 15 18 6 
7 14 8 21 19 
8 19 21 3 22 
9 20 19 22 9 
10 11 25 23 24 
11 25 10 26 23 
12 23 26 14 27 
13 6 18 28 29 
14 28 20 9 30 
15 29 28 30 4 
16 15 33 31 32 
17 33 11 24 31 
18 32 31 34 18 
19 27 14 37 35 
20 35 37 19 38 
21 36 35 38 20 
22 24 41 39 40 
23 41 23 42 39 
24 39 42 27 43 
25 18 34 44 45 
26 44 36 20 46 
27 45 44 46 28 
28 31 49 47 48 
29 49 24 40 47 
30 47 40 5 50 
31 48 47 50 34 
32 5 43 51 52 
33 43 27 53 51 
34 51 53 35 54 
35 52 51 54 36 
36 40 57 55 56 
37 57 39 58 55 
38 55 58 43 59 
39 56 55 59 5 
40 34 50 60 61 
41 50 5 52 60 
42 60 52 36 62 
43 61 60 62 44 
