2 0.000000 16.600000 135.977011
62 43 
1 -5.242468 0.000000 -4.985100 16.436755 0.000006 2.310772 0.000194 
2 5.412528 0.000000 -4.985100 16.437597 -0.000192 2.300778 0.000261 
3 5.412528 0.000000 5.072832 16.442224 0.000942 2.294538 -0.000187 
4 -5.242468 0.000000 5.072832 16.440530 0.000057 2.310595 -0.000254 
5 0.085030 0.000000 0.043866 16.723323 0.215309 -0.495947 -0.015974 
6 -5.242468 0.000000 0.043866 16.438799 0.000054 2.312869 -0.000085 
7 0.085030 0.000000 -4.985100 16.433217 -0.000118 2.305041 0.000712 
8 5.412528 0.000000 0.043866 16.505302 -0.186649 1.829312 -0.000894 
9 0.085030 0.000000 5.072832 16.444958 0.000387 2.303894 -0.000670 
10 2.748779 0.000000 -2.470617 16.435014 -0.002158 2.271603 0.001053 
11 0.085030 0.000000 -2.470617 16.417214 -0.001289 2.289033 0.002887 
12 2.748779 0.000000 -4.985100 16.435348 -0.000199 2.301032 0.000525 
13 5.412528 0.000000 -2.470617 16.440401 -0.001542 2.279510 0.000280 
14 2.748779 0.000000 0.043866 16.559453 -1.028728 1.427207 -0.006353 
15 -2.578719 0.000000 -2.470617 16.431595 -0.000057 2.312278 0.000784 
16 -5.242468 0.000000 -2.470617 16.436921 0.000019 2.311966 0.000154 
17 -2.578719 0.000000 -4.985100 16.434758 -0.000022 2.309535 0.000453 
18 -2.578719 0.000000 0.043866 16.439829 0.000244 2.320645 -0.000339 
19 2.748779 0.000000 2.558349 16.452730 0.005999 2.251920 -0.000739 
20 0.085030 0.000000 2.558349 16.463339 0.002411 2.286111 -0.002569 
21 5.412528 0.000000 2.558349 16.451117 0.010244 2.228902 -0.000172 
22 2.748779 0.000000 5.072832 16.443775 0.000682 2.297968 -0.000430 
23 1.416905 0.000000 -1.213376 16.423969 -0.020896 2.155702 0.004230 
24 0.085030 0.000000 -1.213376 16.351199 -0.013780 2.226046 0.011768 
25 1.416905 0.000000 -2.470617 16.425838 -0.002174 2.272693 0.002129 
26 2.748779 0.000000 -1.213376 16.446191 -0.015435 2.186501 0.001095 
27 1.416905 0.000000 0.043866 17.182463 -2.077186 -3.075372 -0.121388 
28 -2.578719 0.000000 2.558349 16.446644 0.000337 2.311545 -0.000999 
29 -5.242468 0.000000 2.558349 16.440547 0.000072 2.311804 -0.000276 
30 -2.578719 0.000000 5.072832 16.442818 0.000152 2.309090 -0.000501 
31 -1.246844 0.000000 -1.213376 16.410144 0.001023 2.318753 0.003232 
32 -2.578719 0.000000 -1.213376 16.432277 -0.000000 2.317089 0.000622 
33 -1.246844 0.000000 -2.470617 16.423481 -0.000391 2.307266 0.001836 
34 -1.246844 0.000000 0.043866 16.443738 0.000533 2.354043 -0.001372 
35 1.416905 0.000000 1.301108 16.488374 0.035451 2.115848 -0.002847 
36 0.085030 0.000000 1.301108 16.530105 0.015296 2.225410 -0.009570 
37 2.748779 0.000000 1.301108 16.479102 0.057886 2.054707 -0.000820 
38 1.416905 0.000000 2.558349 16.458727 0.004365 2.264273 -0.001657 
39 0.750967 0.000000 -0.584755 16.368497 -0.185114 1.778231 0.016098 
40 0.085030 0.000000 -0.584755 16.079555 -0.098855 2.032166 0.046699 
41 0.750967 0.000000 -1.213376 16.386804 -0.020662 2.161147 0.008570 
42 1.416905 0.000000 -0.584755 16.461739 -0.140958 1.866258 0.003877 
43 0.750967 0.000000 0.043866 16.818791 0.417645 -0.031160 -0.027171 
44 -1.246844 0.000000 1.301108 16.470397 0.000164 2.315547 -0.003904 
45 -2.578719 0.000000 1.301108 16.446732 0.000408 2.316331 -0.001090 
46 -1.246844 0.000000 2.558349 16.455433 0.000952 2.305706 -0.001951 
47 -0.580907 0.000000 -0.584755 16.326256 -0.014098 2.347630 0.012708 
48 -1.246844 0.000000 -0.584755 16.412561 -0.001283 2.339838 0.002587 
49 -0.580907 0.000000 -1.213376 16.376055 -0.003377 2.298747 0.007623 
50 -0.580907 0.000000 0.043866 16.464340 0.003874 2.509236 -0.006571 
51 0.750967 0.000000 0.672487 16.590264 0.176088 1.789483 -0.010561 
52 0.085030 0.000000 0.672487 16.772238 0.093740 2.059332 -0.036281 
53 1.416905 0.000000 0.672487 16.540911 0.242712 1.697883 -0.003569 
54 0.750967 0.000000 1.301108 16.510862 0.026079 2.153332 -0.006119 
55 0.417999 0.000000 -0.270444 16.147365 -0.776167 1.120642 0.047047 
56 0.085030 0.000000 -0.270444 15.410403 -0.474917 1.667891 0.127276 
57 0.417999 0.000000 -0.584755 16.216337 -0.173022 1.804527 0.033765 
58 0.750967 0.000000 -0.270444 16.430097 -0.822862 1.297872 0.011795 
59 0.417999 0.000000 0.043866 16.610427 1.082662 -0.410397 -0.006122 
60 -0.580907 0.000000 0.672487 16.556547 0.014469 2.331867 -0.014505 
61 -1.246844 0.000000 0.672487 16.470988 0.002148 2.335265 -0.004307 
62 -0.580907 0.000000 1.301108 16.503202 0.007319 2.294439 -0.007476 
1 7 12 10 11 
2 12 2 13 10 
3 10 13 8 14 
4 1 17 15 16 
5 17 7 11 15 
6 16 15 18 6 
7 14 8 21 19 
8 19 21 3 22 
9 20 19 22 9 
10 11 25 23 24 
11 25 10 26 23 
12 23 26 14 27 
13 6 18 28 29 
14 28 20 9 30 
15 29 28 30 4 
16 15 33 31 32 
17 33 11 24 31 
18 32 31 34 18 
19 27 14 37 35 
20 35 37 19 38 
21 36 35 38 20 
22 24 41 39 40 
23 41 23 42 39 
24 39 42 27 43 
25 18 34 44 45 
26 44 36 20 46 
27 45 44 46 28 
28 31 49 47 48 
29 49 24 40 47 
30 47 40 5 50 
31 48 47 50 34 
32 5 43 51 52 
33 43 27 53 51 
34 51 53 35 54 
35 52 51 54 36 
36 40 57 55 56 
37 57 39 58 55 
38 55 58 43 59 
39 56 55 59 5 
40 34 50 60 61 
41 50 5 52 60 
42 60 52 36 62 
43 61 60 62 44 
