2 0.000000 16.600000 135.977011
62 43 
1 -5.242468 0.000000 -4.985100 16.508775 0.000002 -1.735128 0.000035 
2 5.412528 0.000000 -4.985100 16.508615 0.000020 -1.737338 0.000026 
3 5.412528 0.000000 5.072832 16.509197 0.000012 -1.736392 -0.000031 
4 -5.242468 0.000000 5.072832 16.509294 0.000002 -1.735109 -0.000027 
5 0.085030 0.000000 0.043866 16.538713 0.002623 -0.556408 0.006247 
6 -5.242468 0.000000 0.043866 16.509021 0.000003 -1.734814 0.000010 
7 0.085030 0.000000 -4.985100 16.508152 0.000008 -1.736113 0.000097 
8 5.412528 0.000000 0.043866 16.512941 0.001567 -1.698860 -0.000012 
9 0.085030 0.000000 5.072832 16.509737 0.000006 -1.735850 -0.000089 
10 2.748779 0.000000 -2.470617 16.507288 0.000075 -1.743872 0.000103 
11 0.085030 0.000000 -2.470617 16.505345 0.000046 -1.739044 0.000397 
12 2.748779 0.000000 -4.985100 16.508367 0.000014 -1.736934 0.000061 
13 5.412528 0.000000 -2.470617 16.507711 0.000113 -1.746307 0.000021 
14 2.748779 0.000000 0.043866 16.562195 0.004981 -1.231215 -0.000952 
15 -2.578719 0.000000 -2.470617 16.507879 0.000007 -1.734992 0.000144 
16 -5.242468 0.000000 -2.470617 16.508773 0.000003 -1.734958 0.000037 
17 -2.578719 0.000000 -4.985100 16.508446 0.000004 -1.735347 0.000072 
18 -2.578719 0.000000 0.043866 16.508880 0.000009 -1.733731 0.000040 
19 2.748779 0.000000 2.558349 16.509551 0.000043 -1.739543 -0.000114 
20 0.085030 0.000000 2.558349 16.511589 0.000002 -1.737738 -0.000335 
21 5.412528 0.000000 2.558349 16.508941 0.000044 -1.738874 -0.000032 
22 2.748779 0.000000 5.072832 16.509469 0.000010 -1.736342 -0.000063 
23 1.416905 0.000000 -1.213376 16.502717 0.000104 -1.766046 0.000368 
24 0.085030 0.000000 -1.213376 16.493951 0.000595 -1.749597 0.001628 
25 1.416905 0.000000 -2.470617 16.506275 0.000051 -1.742338 0.000244 
26 2.748779 0.000000 -1.213376 16.504526 0.000440 -1.771927 0.000076 
27 1.416905 0.000000 0.043866 16.691272 -0.030718 0.001537 -0.011030 
28 -2.578719 0.000000 2.558349 16.509977 0.000006 -1.734915 -0.000106 
29 -5.242468 0.000000 2.558349 16.509276 0.000002 -1.734946 -0.000023 
30 -2.578719 0.000000 5.072832 16.509554 0.000003 -1.735277 -0.000060 
31 -1.246844 0.000000 -1.213376 16.504370 0.000020 -1.734401 0.000572 
32 -2.578719 0.000000 -1.213376 16.507881 0.000008 -1.734297 0.000153 
33 -1.246844 0.000000 -2.470617 16.506523 0.000013 -1.735884 0.000295 
34 -1.246844 0.000000 0.043866 16.508287 0.000119 -1.729631 0.000163 
35 1.416905 0.000000 1.301108 16.510460 0.000560 -1.747831 -0.000327 
36 0.085030 0.000000 1.301108 16.518129 -0.000296 -1.743769 -0.001195 
37 2.748779 0.000000 1.301108 16.508814 0.000171 -1.745955 -0.000106 
38 1.416905 0.000000 2.558349 16.510529 0.000033 -1.739432 -0.000229 
39 0.750967 0.000000 -0.584755 16.493252 0.000922 -1.800313 0.001058 
40 0.085030 0.000000 -0.584755 16.442430 0.000496 -1.768877 0.007539 
41 0.750967 0.000000 -1.213376 16.498304 0.000547 -1.761707 0.000952 
42 1.416905 0.000000 -0.584755 16.501508 0.001880 -1.788357 0.000225 
43 0.750967 0.000000 0.043866 16.676297 -0.165251 0.281562 -0.009600 
44 -1.246844 0.000000 1.301108 16.512489 0.000021 -1.734130 -0.000397 
45 -2.578719 0.000000 1.301108 16.509898 0.000008 -1.734259 -0.000088 
46 -1.246844 0.000000 2.558349 16.510979 0.000011 -1.735563 -0.000235 
47 -0.580907 0.000000 -0.584755 16.492359 0.000218 -1.729681 0.002070 
48 -1.246844 0.000000 -0.584755 16.504563 -0.000101 -1.731653 0.000583 
49 -0.580907 0.000000 -1.213376 16.498894 0.000974 -1.737385 0.001190 
50 -0.580907 0.000000 0.043866 16.505924 0.000040 -1.716866 0.000606 
51 0.750967 0.000000 0.672487 16.508769 0.003809 -1.749443 -0.000145 
52 0.085030 0.000000 0.672487 16.547770 0.001478 -1.754479 -0.004888 
53 1.416905 0.000000 0.672487 16.509524 0.000409 -1.742651 -0.000150 
54 0.750967 0.000000 1.301108 16.513699 -0.000226 -1.748439 -0.000723 
55 0.417999 0.000000 -0.270444 16.534823 0.002346 -1.741513 -0.003169 
56 0.085030 0.000000 -0.270444 16.298588 -0.002381 -1.721304 0.025233 
57 0.417999 0.000000 -0.584755 16.463049 0.001142 -1.809573 0.004549 
58 0.750967 0.000000 -0.270444 16.523137 0.007020 -1.596373 -0.000009 
59 0.417999 0.000000 0.043866 14.246158 0.185257 0.828063 0.260876 
60 -0.580907 0.000000 0.672487 16.520830 0.000096 -1.729343 -0.001337 
61 -1.246844 0.000000 0.672487 16.512055 0.000133 -1.731550 -0.000313 
62 -0.580907 0.000000 1.301108 16.516190 -0.000449 -1.736218 -0.000867 
1 7 12 10 11 
2 12 2 13 10 
3 10 13 8 14 
4 1 17 15 16 
5 17 7 11 15 
6 16 15 18 6 
7 14 8 21 19 
8 19 21 3 22 
9 20 19 22 9 
10 11 25 23 24 
11 25 10 26 23 
12 23 26 14 27 
13 6 18 28 29 
14 28 20 9 30 
15 29 28 30 4 
16 15 33 31 32 
17 33 11 24 31 
18 32 31 34 18 
19 27 14 37 35 
20 35 37 19 38 
21 36 35 38 20 
22 24 41 39 40 
23 41 23 42 39 
24 39 42 27 43 
25 18 34 44 45 
26 44 36 20 46 
27 45 44 46 28 
28 31 49 47 48 
29 49 24 40 47 
30 47 40 5 50 
31 48 47 50 34 
32 5 43 51 52 
33 43 27 53 51 
34 51 53 35 54 
35 52 51 54 36 
36 40 57 55 56 
37 57 39 58 55 
38 55 58 43 59 
39 56 55 59 5 
40 34 50 60 61 
41 50 5 52 60 
42 60 52 36 62 
43 61 60 62 44 
