2 0.000000 16.600000 135.977011
62 43 
1 -5.242468 0.000000 -4.985100 16.436755 -0.000001 2.310769 0.000194 
2 5.412528 0.000000 -4.985100 16.437604 -0.000005 2.300850 0.000259 
3 5.412528 0.000000 5.072832 16.442230 -0.000008 2.294462 -0.000187 
4 -5.242468 0.000000 5.072832 16.440537 -0.000001 2.310593 -0.000254 
5 0.085030 0.000000 0.043866 16.576263 0.001059 -0.489734 0.001987 
6 -5.242468 0.000000 0.043866 16.438800 -0.000001 2.312876 -0.000085 
7 0.085030 0.000000 -4.985100 16.433250 -0.000003 2.305052 0.000708 
8 5.412528 0.000000 0.043866 16.501659 -0.000343 1.855253 -0.000678 
9 0.085030 0.000000 5.072832 16.444978 -0.000004 2.303849 -0.000671 
10 2.748779 0.000000 -2.470617 16.435073 -0.000020 2.272179 0.001036 
11 0.085030 0.000000 -2.470617 16.417491 -0.000002 2.289055 0.002853 
12 2.748779 0.000000 -4.985100 16.435377 -0.000004 2.301095 0.000520 
13 5.412528 0.000000 -2.470617 16.440364 -0.000018 2.279928 0.000277 
14 2.748779 0.000000 0.043866 16.573276 -0.001351 1.329045 -0.003193 
15 -2.578719 0.000000 -2.470617 16.431580 -0.000003 2.312259 0.000786 
16 -5.242468 0.000000 -2.470617 16.436917 -0.000001 2.311966 0.000154 
17 -2.578719 0.000000 -4.985100 16.434764 -0.000002 2.309527 0.000452 
18 -2.578719 0.000000 0.043866 16.439833 -0.000005 2.320707 -0.000340 
19 2.748779 0.000000 2.558349 16.452774 -0.000027 2.251450 -0.000736 
20 0.085030 0.000000 2.558349 16.463444 -0.000009 2.285823 -0.002576 
21 5.412528 0.000000 2.558349 16.451203 -0.000040 2.228230 -0.000171 
22 2.748779 0.000000 5.072832 16.443782 -0.000006 2.297902 -0.000429 
23 1.416905 0.000000 -1.213376 16.424540 0.000032 2.160460 0.004089 
24 0.085030 0.000000 -1.213376 16.352756 0.001179 2.226261 0.011581 
25 1.416905 0.000000 -2.470617 16.426089 -0.000018 2.273157 0.002092 
26 2.748779 0.000000 -1.213376 16.445883 -0.000074 2.190047 0.001076 
27 1.416905 0.000000 0.043866 16.714665 -0.068866 0.253268 -0.014113 
28 -2.578719 0.000000 2.558349 16.446700 -0.000003 2.311538 -0.001006 
29 -5.242468 0.000000 2.558349 16.440555 -0.000001 2.311807 -0.000277 
30 -2.578719 0.000000 5.072832 16.442836 -0.000002 2.309077 -0.000503 
31 -1.246844 0.000000 -1.213376 16.410303 0.000013 2.318463 0.003218 
32 -2.578719 0.000000 -1.213376 16.432237 -0.000004 2.317098 0.000627 
33 -1.246844 0.000000 -2.470617 16.423496 -0.000006 2.307201 0.001835 
34 -1.246844 0.000000 0.043866 16.443893 0.000063 2.354294 -0.001395 
35 1.416905 0.000000 1.301108 16.488444 0.000299 2.114867 -0.002836 
36 0.085030 0.000000 1.301108 16.530677 -0.000987 2.223962 -0.009614 
37 2.748779 0.000000 1.301108 16.479087 -0.000112 2.054456 -0.000802 
38 1.416905 0.000000 2.558349 16.458793 -0.000020 2.263858 -0.001658 
39 0.750967 0.000000 -0.584755 16.377868 -0.000288 1.802698 0.014791 
40 0.085030 0.000000 -0.584755 16.080372 0.000672 2.025519 0.046737 
41 0.750967 0.000000 -1.213376 16.388933 0.001133 2.164638 0.008264 
42 1.416905 0.000000 -0.584755 16.460215 0.000192 1.889314 0.003817 
43 0.750967 0.000000 0.043866 16.483082 -0.069983 1.343875 0.007465 
44 -1.246844 0.000000 1.301108 16.470723 0.000015 2.315339 -0.003939 
45 -2.578719 0.000000 1.301108 16.446800 -0.000004 2.316363 -0.001099 
46 -1.246844 0.000000 2.558349 16.455563 -0.000006 2.305623 -0.001965 
47 -0.580907 0.000000 -0.584755 16.325671 0.000237 2.346945 0.012790 
48 -1.246844 0.000000 -0.584755 16.412446 -0.000009 2.339730 0.002603 
49 -0.580907 0.000000 -1.213376 16.376103 0.001197 2.299133 0.007611 
50 -0.580907 0.000000 0.043866 16.464127 -0.000230 2.513204 -0.006618 
51 0.750967 0.000000 0.672487 16.585688 0.004341 1.802466 -0.010067 
52 0.085030 0.000000 0.672487 16.770092 0.003000 2.052613 -0.035888 
53 1.416905 0.000000 0.672487 16.536676 -0.000703 1.727146 -0.003210 
54 0.750967 0.000000 1.301108 16.510916 -0.000867 2.152049 -0.006103 
55 0.417999 0.000000 -0.270444 16.204456 0.004718 1.094303 0.042742 
56 0.085030 0.000000 -0.270444 15.387687 -0.002282 1.629140 0.131097 
57 0.417999 0.000000 -0.584755 16.224375 0.002540 1.808995 0.032868 
58 0.750967 0.000000 -0.270444 16.449118 0.001829 1.280211 0.012148 
59 0.417999 0.000000 0.043866 14.931025 -0.219955 1.055826 0.186752 
60 -0.580907 0.000000 0.672487 16.558765 -0.000168 2.331616 -0.014767 
61 -1.246844 0.000000 0.672487 16.471442 0.000118 2.335271 -0.004362 
62 -0.580907 0.000000 1.301108 16.503932 -0.000311 2.293977 -0.007556 
1 7 12 10 11 
2 12 2 13 10 
3 10 13 8 14 
4 1 17 15 16 
5 17 7 11 15 
6 16 15 18 6 
7 14 8 21 19 
8 19 21 3 22 
9 20 19 22 9 
10 11 25 23 24 
11 25 10 26 23 
12 23 26 14 27 
13 6 18 28 29 
14 28 20 9 30 
15 29 28 30 4 
16 15 33 31 32 
17 33 11 24 31 
18 32 31 34 18 
19 27 14 37 35 
20 35 37 19 38 
21 36 35 38 20 
22 24 41 39 40 
23 41 23 42 39 
24 39 42 27 43 
25 18 34 44 45 
26 44 36 20 46 
27 45 44 46 28 
28 31 49 47 48 
29 49 24 40 47 
30 47 40 5 50 
31 48 47 50 34 
32 5 43 51 52 
33 43 27 53 51 
34 51 53 35 54 
35 52 51 54 36 
36 40 57 55 56 
37 57 39 58 55 
38 55 58 43 59 
39 56 55 59 5 
40 34 50 60 61 
41 50 5 52 60 
42 60 52 36 62 
43 61 60 62 44 
