2 0.000000 16.600000 135.977011
62 43 
1 -5.242468 0.000000 -4.985100 16.558202 0.000003 1.158299 0.000161 
2 5.412528 0.000000 -4.985100 16.558597 0.000022 1.149862 0.000184 
3 5.412528 0.000000 5.072832 16.561557 0.000031 1.147817 -0.000155 
4 -5.242468 0.000000 5.072832 16.561058 0.000004 1.158229 -0.000182 
5 0.085030 0.000000 0.043866 16.639854 0.001602 -0.511039 -0.005755 
6 -5.242468 0.000000 0.043866 16.559698 0.000005 1.159925 -0.000033 
7 0.085030 0.000000 -4.985100 16.555371 0.000012 1.153724 0.000539 
8 5.412528 0.000000 0.043866 16.606269 0.008768 0.486062 -0.001613 
9 0.085030 0.000000 5.072832 16.564149 0.000014 1.153401 -0.000513 
10 2.748779 0.000000 -2.470617 16.555699 0.000086 1.125358 0.000734 
11 0.085030 0.000000 -2.470617 16.542684 0.000047 1.140812 0.002171 
12 2.748779 0.000000 -4.985100 16.556910 0.000019 1.150396 0.000382 
13 5.412528 0.000000 -2.470617 16.560005 0.000091 1.129224 0.000185 
14 2.748779 0.000000 0.043866 16.604058 0.067683 0.504735 -0.001430 
15 -2.578719 0.000000 -2.470617 16.554054 0.000011 1.159333 0.000650 
16 -5.242468 0.000000 -2.470617 16.558292 0.000004 1.159211 0.000142 
17 -2.578719 0.000000 -4.985100 16.556625 0.000006 1.157297 0.000359 
18 -2.578719 0.000000 0.043866 16.560113 0.000015 1.165850 -0.000133 
19 2.748779 0.000000 2.558349 16.567215 0.000113 1.119906 -0.000605 
20 0.085030 0.000000 2.558349 16.577152 0.000041 1.140545 -0.001970 
21 5.412528 0.000000 2.558349 16.563765 0.000156 1.113998 -0.000143 
22 2.748779 0.000000 5.072832 16.562990 0.000023 1.149461 -0.000341 
23 1.416905 0.000000 -1.213376 16.543950 0.000334 1.031697 0.002879 
24 0.085030 0.000000 -1.213376 16.490952 0.001124 1.090934 0.008776 
25 1.416905 0.000000 -2.470617 16.548907 0.000067 1.127481 0.001533 
26 2.748779 0.000000 -1.213376 16.561113 0.000370 1.046186 0.000708 
27 1.416905 0.000000 0.043866 16.906797 0.860396 -3.878645 -0.094585 
28 -2.578719 0.000000 2.558349 16.565483 0.000011 1.159026 -0.000721 
29 -5.242468 0.000000 2.558349 16.561042 0.000005 1.159140 -0.000188 
30 -2.578719 0.000000 5.072832 16.562711 0.000007 1.157141 -0.000371 
31 -1.246844 0.000000 -1.213376 16.537139 0.000040 1.163701 0.002645 
32 -2.578719 0.000000 -1.213376 16.554431 0.000014 1.163026 0.000574 
33 -1.246844 0.000000 -2.470617 16.547658 0.000020 1.155270 0.001453 
34 -1.246844 0.000000 0.043866 16.561898 0.000129 1.191006 -0.000562 
35 1.416905 0.000000 1.301108 16.587128 0.000754 1.029253 -0.002294 
36 0.085030 0.000000 1.301108 16.624848 -0.000555 1.096270 -0.007357 
37 2.748779 0.000000 1.301108 16.574001 0.000564 1.013407 -0.000597 
38 1.416905 0.000000 2.558349 16.572693 0.000079 1.125922 -0.001313 
39 0.750967 0.000000 -0.584755 16.496326 0.000859 0.749491 0.010413 
40 0.085030 0.000000 -0.584755 16.276088 0.000865 0.938609 0.035448 
41 0.750967 0.000000 -1.213376 16.517182 0.001206 1.039830 0.006029 
42 1.416905 0.000000 -0.584755 16.560855 0.001828 0.791450 0.002437 
43 0.750967 0.000000 0.043866 16.496862 -0.078551 1.006209 0.008691 
44 -1.246844 0.000000 1.301108 16.582763 0.000048 1.162193 -0.002826 
45 -2.578719 0.000000 1.301108 16.565447 0.000014 1.162652 -0.000747 
46 -1.246844 0.000000 2.558349 16.571873 0.000021 1.154769 -0.001453 
47 -0.580907 0.000000 -0.584755 16.471022 0.000290 1.184766 0.010385 
48 -1.246844 0.000000 -0.584755 16.538466 -0.000004 1.179755 0.002349 
49 -0.580907 0.000000 -1.213376 16.510377 0.001194 1.148340 0.005983 
50 -0.580907 0.000000 0.043866 16.573018 -0.000071 1.308430 -0.002965 
51 0.750967 0.000000 0.672487 16.645629 0.004587 0.814182 -0.007911 
52 0.085030 0.000000 0.672487 16.799208 0.002850 0.975006 -0.027595 
53 1.416905 0.000000 0.672487 16.599683 0.001295 0.802130 -0.002297 
54 0.750967 0.000000 1.301108 16.606905 -0.000457 1.047787 -0.004816 
55 0.417999 0.000000 -0.270444 16.368070 0.004399 0.251210 0.027519 
56 0.085030 0.000000 -0.270444 15.727596 -0.001386 0.665201 0.100741 
57 0.417999 0.000000 -0.584755 16.379736 0.003464 0.762462 0.024252 
58 0.750967 0.000000 -0.270444 16.533288 0.004065 0.380527 0.007496 
59 0.417999 0.000000 0.043866 14.760434 -0.150210 1.005465 0.205603 
60 -0.580907 0.000000 0.672487 16.646211 -0.000004 1.175847 -0.010593 
61 -1.246844 0.000000 0.672487 16.582852 0.000164 1.177068 -0.002963 
62 -0.580907 0.000000 1.301108 16.606756 -0.000153 1.146772 -0.005587 
1 7 12 10 11 
2 12 2 13 10 
3 10 13 8 14 
4 1 17 15 16 
5 17 7 11 15 
6 16 15 18 6 
7 14 8 21 19 
8 19 21 3 22 
9 20 19 22 9 
10 11 25 23 24 
11 25 10 26 23 
12 23 26 14 27 
13 6 18 28 29 
14 28 20 9 30 
15 29 28 30 4 
16 15 33 31 32 
17 33 11 24 31 
18 32 31 34 18 
19 27 14 37 35 
20 35 37 19 38 
21 36 35 38 20 
22 24 41 39 40 
23 41 23 42 39 
24 39 42 27 43 
25 18 34 44 45 
26 44 36 20 46 
27 45 44 46 28 
28 31 49 47 48 
29 49 24 40 47 
30 47 40 5 50 
31 48 47 50 34 
32 5 43 51 52 
33 43 27 53 51 
34 51 53 35 54 
35 52 51 54 36 
36 40 57 55 56 
37 57 39 58 55 
38 55 58 43 59 
39 56 55 59 5 
40 34 50 60 61 
41 50 5 52 60 
42 60 52 36 62 
43 61 60 62 44 
