2 0.000000 16.600000 135.977011
62 43 
1 -5.242468 0.000000 -4.985100 16.438416 0.000005 -2.310273 0.000004 
2 5.412528 0.000000 -4.985100 16.438395 0.000051 -2.310562 0.000002 
3 5.412528 0.000000 5.072832 16.438452 0.000026 -2.310297 -0.000001 
4 -5.242468 0.000000 5.072832 16.438467 0.000005 -2.310267 -0.000002 
5 0.085030 0.000000 0.043866 16.473336 0.003189 -0.564007 0.014048 
6 -5.242468 0.000000 0.043866 16.438435 0.000007 -2.310238 0.000002 
7 0.085030 0.000000 -4.985100 16.438346 0.000021 -2.310409 0.000010 
8 5.412528 0.000000 0.043866 16.445397 0.002376 -2.260769 -0.000008 
9 0.085030 0.000000 5.072832 16.438480 0.000016 -2.310309 -0.000004 
10 2.748779 0.000000 -2.470617 16.438232 0.000193 -2.311559 0.000004 
11 0.085030 0.000000 -2.470617 16.437950 0.000091 -2.310942 0.000048 
12 2.748779 0.000000 -4.985100 16.438378 0.000036 -2.310506 0.000005 
13 5.412528 0.000000 -2.470617 16.438189 0.000317 -2.312057 0.000001 
14 2.748779 0.000000 0.043866 16.492067 0.011241 -1.927704 -0.000524 
15 -2.578719 0.000000 -2.470617 16.438288 0.000017 -2.310275 0.000019 
16 -5.242468 0.000000 -2.470617 16.438412 0.000007 -2.310255 0.000005 
17 -2.578719 0.000000 -4.985100 16.438376 0.000010 -2.310305 0.000008 
18 -2.578719 0.000000 0.043866 16.438355 0.000023 -2.310130 0.000014 
19 2.748779 0.000000 2.558349 16.438414 0.000101 -2.310015 0.000009 
20 0.085030 0.000000 2.558349 16.438476 0.000031 -2.310337 -0.000004 
21 5.412528 0.000000 2.558349 16.438469 0.000096 -2.310093 0.000001 
22 2.748779 0.000000 5.072832 16.438456 0.000023 -2.310306 -0.000001 
23 1.416905 0.000000 -1.213376 16.438221 0.000483 -2.313153 -0.000021 
24 0.085030 0.000000 -1.213376 16.436146 0.000614 -2.312393 0.000239 
25 1.416905 0.000000 -2.470617 16.438140 0.000130 -2.311383 0.000018 
26 2.748779 0.000000 -1.213376 16.438320 0.001172 -2.311189 0.000000 
27 1.416905 0.000000 0.043866 16.669689 0.033844 -0.649628 -0.009950 
28 -2.578719 0.000000 2.558349 16.438507 0.000016 -2.310235 -0.000006 
29 -5.242468 0.000000 2.558349 16.438463 0.000006 -2.310251 -0.000001 
30 -2.578719 0.000000 5.072832 16.438483 0.000009 -2.310279 -0.000004 
31 -1.246844 0.000000 -1.213376 16.437884 0.000052 -2.310304 0.000067 
32 -2.578719 0.000000 -1.213376 16.438270 0.000022 -2.310197 0.000023 
33 -1.246844 0.000000 -2.470617 16.438090 0.000033 -2.310418 0.000040 
34 -1.246844 0.000000 0.043866 16.437862 0.000159 -2.310251 0.000071 
35 1.416905 0.000000 1.301108 16.437706 0.000811 -2.305979 0.000161 
36 0.085030 0.000000 1.301108 16.437946 -0.000104 -2.309668 0.000070 
37 2.748779 0.000000 1.301108 16.438705 0.000390 -2.306925 0.000026 
38 1.416905 0.000000 2.558349 16.438353 0.000084 -2.310140 0.000014 
39 0.750967 0.000000 -0.584755 16.445291 0.001478 -2.286284 -0.000416 
40 0.085030 0.000000 -0.584755 16.421571 0.000654 -2.302592 0.002141 
41 0.750967 0.000000 -1.213376 16.437315 0.000701 -2.313889 0.000075 
42 1.416905 0.000000 -0.584755 16.447565 0.004004 -2.249148 -0.000077 
43 0.750967 0.000000 0.043866 16.705368 -0.117634 0.076965 -0.012807 
44 -1.246844 0.000000 1.301108 16.438431 0.000047 -2.310070 0.000006 
45 -2.578719 0.000000 1.301108 16.438473 0.000020 -2.310164 -0.000001 
46 -1.246844 0.000000 2.558349 16.438559 0.000028 -2.310261 -0.000013 
47 -0.580907 0.000000 -0.584755 16.438046 0.000276 -2.308491 0.000078 
48 -1.246844 0.000000 -0.584755 16.438015 -0.000220 -2.310254 0.000052 
49 -0.580907 0.000000 -1.213376 16.437175 0.000991 -2.310390 0.000150 
50 -0.580907 0.000000 0.043866 16.434371 0.000138 -2.318501 0.000348 
51 0.750967 0.000000 0.672487 16.429450 0.004225 -2.271213 0.001723 
52 0.085030 0.000000 0.672487 16.441365 0.001408 -2.299976 -0.000176 
53 1.416905 0.000000 0.672487 16.440338 0.001338 -2.273301 0.000390 
54 0.750967 0.000000 1.301108 16.437241 0.000004 -2.307667 0.000188 
55 0.417999 0.000000 -0.270444 16.530753 0.002643 -2.115161 -0.007910 
56 0.085030 0.000000 -0.270444 16.364941 -0.001373 -2.189783 0.010718 
57 0.417999 0.000000 -0.584755 16.429338 0.001283 -2.309222 0.001104 
58 0.750967 0.000000 -0.270444 16.496994 0.008339 -1.932481 -0.001181 
59 0.417999 0.000000 0.043866 14.144290 0.159935 0.749627 0.271852 
60 -0.580907 0.000000 0.672487 16.436840 0.000182 -2.307473 0.000239 
61 -1.246844 0.000000 0.672487 16.438074 0.000166 -2.309891 0.000051 
62 -0.580907 0.000000 1.301108 16.438500 -0.000411 -2.309784 0.000002 
1 7 12 10 11 
2 12 2 13 10 
3 10 13 8 14 
4 1 17 15 16 
5 17 7 11 15 
6 16 15 18 6 
7 14 8 21 19 
8 19 21 3 22 
9 20 19 22 9 
10 11 25 23 24 
11 25 10 26 23 
12 23 26 14 27 
13 6 18 28 29 
14 28 20 9 30 
15 29 28 30 4 
16 15 33 31 32 
17 33 11 24 31 
18 32 31 34 18 
19 27 14 37 35 
20 35 37 19 38 
21 36 35 38 20 
22 24 41 39 40 
23 41 23 42 39 
24 39 42 27 43 
25 18 34 44 45 
26 44 36 20 46 
27 45 44 46 28 
28 31 49 47 48 
29 49 24 40 47 
30 47 40 5 50 
31 48 47 50 34 
32 5 43 51 52 
33 43 27 53 51 
34 51 53 35 54 
35 52 51 54 36 
36 40 57 55 56 
37 57 39 58 55 
38 55 58 43 59 
39 56 55 59 5 
40 34 50 60 61 
41 50 5 52 60 
42 60 52 36 62 
43 61 60 62 44 
