2 0.000000 16.600000 135.977011
62 43 
1 -5.242468 0.000000 -4.985100 16.559032 0.000000 -1.157864 0.000065 
2 5.412528 0.000000 -4.985100 16.558851 0.000005 -1.161725 0.000054 
3 5.412528 0.000000 5.072832 16.559886 0.000004 -1.160538 -0.000061 
4 -5.242468 0.000000 5.072832 16.560022 0.000000 -1.157842 -0.000054 
5 0.085030 0.000000 0.043866 16.588791 0.002192 -0.548288 0.000259 
6 -5.242468 0.000000 0.043866 16.559514 0.000001 -1.157275 0.000012 
7 0.085030 0.000000 -4.985100 16.557894 0.000002 -1.159657 0.000186 
8 5.412528 0.000000 0.043866 16.563800 0.001532 -1.098591 -0.000023 
9 0.085030 0.000000 5.072832 16.560926 0.000002 -1.159323 -0.000175 
10 2.748779 0.000000 -2.470617 16.556733 0.000017 -1.173045 0.000212 
11 0.085030 0.000000 -2.470617 16.552817 0.000020 -1.164864 0.000752 
12 2.748779 0.000000 -4.985100 16.558333 0.000004 -1.161120 0.000121 
13 5.412528 0.000000 -2.470617 16.557941 0.000026 -1.175559 0.000046 
14 2.748779 0.000000 0.043866 16.615605 -0.001035 -0.360530 -0.002353 
15 -2.578719 0.000000 -2.470617 16.557403 0.000001 -1.157576 0.000263 
16 -5.242468 0.000000 -2.470617 16.559038 0.000001 -1.157542 0.000067 
17 -2.578719 0.000000 -4.985100 16.558427 0.000001 -1.158261 0.000134 
18 -2.578719 0.000000 0.043866 16.559367 0.000001 -1.155214 0.000047 
19 2.748779 0.000000 2.558349 16.560798 0.000015 -1.167549 -0.000229 
20 0.085030 0.000000 2.558349 16.564760 -0.000012 -1.163182 -0.000669 
21 5.412528 0.000000 2.558349 16.559477 0.000017 -1.166471 -0.000061 
22 2.748779 0.000000 5.072832 16.560426 0.000003 -1.160368 -0.000124 
23 1.416905 0.000000 -1.213376 16.548887 -0.000071 -1.213522 0.000805 
24 0.085030 0.000000 -1.213376 16.532326 0.000635 -1.184128 0.003048 
25 1.416905 0.000000 -2.470617 16.554639 0.000010 -1.170705 0.000484 
26 2.748779 0.000000 -1.213376 16.553657 0.000103 -1.220803 0.000167 
27 1.416905 0.000000 0.043866 16.678874 -0.088241 0.541217 -0.010617 
28 -2.578719 0.000000 2.558349 16.561385 0.000001 -1.157498 -0.000215 
29 -5.242468 0.000000 2.558349 16.559994 0.000001 -1.157530 -0.000048 
30 -2.578719 0.000000 5.072832 16.560537 0.000001 -1.158175 -0.000119 
31 -1.246844 0.000000 -1.213376 16.550909 -0.000001 -1.156321 0.001054 
32 -2.578719 0.000000 -1.213376 16.557443 0.000001 -1.156267 0.000269 
33 -1.246844 0.000000 -2.470617 16.554936 0.000002 -1.159183 0.000546 
34 -1.246844 0.000000 0.043866 16.558857 0.000093 -1.146882 0.000178 
35 1.416905 0.000000 1.301108 16.563907 0.000350 -1.189342 -0.000789 
36 0.085030 0.000000 1.301108 16.578733 -0.000693 -1.176213 -0.002460 
37 2.748779 0.000000 1.301108 16.559467 0.000073 -1.185865 -0.000226 
38 1.416905 0.000000 2.558349 16.562814 0.000009 -1.166975 -0.000467 
39 0.750967 0.000000 -0.584755 16.525904 0.000161 -1.305251 0.002725 
40 0.085030 0.000000 -0.584755 16.445148 0.000417 -1.231729 0.013064 
41 0.750967 0.000000 -1.213376 16.540368 0.000495 -1.205881 0.001895 
42 1.416905 0.000000 -0.584755 16.544011 0.000749 -1.304625 0.000558 
43 0.750967 0.000000 0.043866 16.644447 -0.122713 0.450495 -0.006153 
44 -1.246844 0.000000 1.301108 16.566609 0.000003 -1.156133 -0.000832 
45 -2.578719 0.000000 1.301108 16.561277 0.000001 -1.156252 -0.000192 
46 -1.246844 0.000000 2.558349 16.563380 0.000002 -1.158803 -0.000466 
47 -0.580907 0.000000 -0.584755 16.527150 0.000194 -1.148569 0.003971 
48 -1.246844 0.000000 -0.584755 16.551224 -0.000113 -1.150871 0.001061 
49 -0.580907 0.000000 -1.213376 16.540833 0.000983 -1.162103 0.002215 
50 -0.580907 0.000000 0.043866 16.558121 -0.000013 -1.113097 0.000543 
51 0.750967 0.000000 0.672487 16.570323 0.003692 -1.229190 -0.001911 
52 0.085030 0.000000 0.672487 16.635450 0.001635 -1.207885 -0.009570 
53 1.416905 0.000000 0.672487 16.560720 0.000083 -1.216692 -0.000645 
54 0.750967 0.000000 1.301108 16.570934 -0.000367 -1.188233 -0.001625 
55 0.417999 0.000000 -0.270444 16.524907 0.002111 -1.359187 0.002323 
56 0.085030 0.000000 -0.270444 16.215837 -0.001828 -1.249157 0.040086 
57 0.417999 0.000000 -0.584755 16.480044 0.001102 -1.303662 0.008233 
58 0.750967 0.000000 -0.270444 16.543514 0.004830 -1.237339 0.001238 
59 0.417999 0.000000 0.043866 14.432225 0.141886 0.819502 0.241614 
60 -0.580907 0.000000 0.672487 16.585242 0.000041 -1.149285 -0.003016 
61 -1.246844 0.000000 0.672487 16.566153 0.000110 -1.151126 -0.000735 
62 -0.580907 0.000000 1.301108 16.574084 -0.000465 -1.160693 -0.001769 
1 7 12 10 11 
2 12 2 13 10 
3 10 13 8 14 
4 1 17 15 16 
5 17 7 11 15 
6 16 15 18 6 
7 14 8 21 19 
8 19 21 3 22 
9 20 19 22 9 
10 11 25 23 24 
11 25 10 26 23 
12 23 26 14 27 
13 6 18 28 29 
14 28 20 9 30 
15 29 28 30 4 
16 15 33 31 32 
17 33 11 24 31 
18 32 31 34 18 
19 27 14 37 35 
20 35 37 19 38 
21 36 35 38 20 
22 24 41 39 40 
23 41 23 42 39 
24 39 42 27 43 
25 18 34 44 45 
26 44 36 20 46 
27 45 44 46 28 
28 31 49 47 48 
29 49 24 40 47 
30 47 40 5 50 
31 48 47 50 34 
32 5 43 51 52 
33 43 27 53 51 
34 51 53 35 54 
35 52 51 54 36 
36 40 57 55 56 
37 57 39 58 55 
38 55 58 43 59 
39 56 55 59 5 
40 34 50 60 61 
41 50 5 52 60 
42 60 52 36 62 
43 61 60 62 44 
