2 0.000000 16.600000 135.977011
62 43 
1 -5.242468 0.000000 -4.985100 16.235300 0.000006 3.451996 0.000213 
2 5.412528 0.000000 -4.985100 16.236601 -0.000154 3.441040 0.000334 
3 5.412528 0.000000 5.072832 16.243874 0.001127 3.428270 -0.000205 
4 -5.242468 0.000000 5.072832 16.239934 0.000055 3.451680 -0.000325 
5 0.085030 0.000000 0.043866 16.598416 0.217863 -0.473065 -0.000794 
6 -5.242468 0.000000 0.043866 16.237884 0.000053 3.454516 -0.000154 
7 0.085030 0.000000 -4.985100 16.231241 -0.000104 3.445361 0.000858 
8 5.412528 0.000000 0.043866 16.299713 -0.054139 3.151029 -0.000191 
9 0.085030 0.000000 5.072832 16.245830 0.000387 3.443017 -0.000803 
10 2.748779 0.000000 -2.470617 16.234681 -0.001713 3.409286 0.001350 
11 0.085030 0.000000 -2.470617 16.212833 -0.001164 3.426906 0.003485 
12 2.748779 0.000000 -4.985100 16.233913 -0.000169 3.440938 0.000653 
13 5.412528 0.000000 -2.470617 16.240555 -0.001068 3.420603 0.000377 
14 2.748779 0.000000 0.043866 16.423387 -0.452172 2.548891 -0.003153 
15 -2.578719 0.000000 -2.470617 16.229329 -0.000043 3.453977 0.000867 
16 -5.242468 0.000000 -2.470617 16.235554 0.000020 3.453448 0.000147 
17 -2.578719 0.000000 -4.985100 16.232964 -0.000019 3.450576 0.000524 
18 -2.578719 0.000000 0.043866 16.239722 0.000261 3.464070 -0.000611 
19 2.748779 0.000000 2.558349 16.261851 0.007126 3.366897 -0.000812 
20 0.085030 0.000000 2.558349 16.269965 0.002497 3.419883 -0.003075 
21 5.412528 0.000000 2.558349 16.270516 0.017576 3.300254 -0.000224 
22 2.748779 0.000000 5.072832 16.244960 0.000726 3.434708 -0.000493 
23 1.416905 0.000000 -1.213376 16.226497 -0.016910 3.281234 0.005422 
24 0.085030 0.000000 -1.213376 16.136083 -0.012322 3.352903 0.014315 
25 1.416905 0.000000 -2.470617 16.223711 -0.001839 3.408882 0.002652 
26 2.748779 0.000000 -1.213376 16.250682 -0.010905 3.326376 0.001490 
27 1.416905 0.000000 0.043866 16.544184 -1.367166 1.893448 -0.013080 
28 -2.578719 0.000000 2.558349 16.247820 0.000335 3.452707 -0.001280 
29 -5.242468 0.000000 2.558349 16.240002 0.000070 3.453172 -0.000370 
30 -2.578719 0.000000 5.072832 16.242880 0.000149 3.449739 -0.000624 
31 -1.246844 0.000000 -1.213376 16.204247 0.001031 3.462380 0.003608 
32 -2.578719 0.000000 -1.213376 16.230340 0.000021 3.459838 0.000601 
33 -1.246844 0.000000 -2.470617 16.219806 -0.000338 3.448171 0.002134 
34 -1.246844 0.000000 0.043866 16.246560 0.000575 3.505591 -0.002467 
35 1.416905 0.000000 1.301108 16.319630 0.040678 3.177448 -0.003150 
36 0.085030 0.000000 1.301108 16.357105 0.015465 3.340823 -0.011454 
37 2.748779 0.000000 1.301108 16.334097 0.090568 3.016115 -0.001262 
38 1.416905 0.000000 2.558349 16.266351 0.004651 3.389550 -0.001899 
39 0.750967 0.000000 -0.584755 16.178326 -0.160358 2.842542 0.020743 
40 0.085030 0.000000 -0.584755 15.816055 -0.090236 3.116843 0.056937 
41 0.750967 0.000000 -1.213376 16.181701 -0.017808 3.280664 0.010704 
42 1.416905 0.000000 -0.584755 16.283866 -0.105751 2.981755 0.005420 
43 0.750967 0.000000 0.043866 16.831962 0.349399 0.430556 -0.029258 
44 -1.246844 0.000000 1.301108 16.278501 0.000169 3.457121 -0.005013 
45 -2.578719 0.000000 1.301108 16.248110 0.000413 3.458625 -0.001463 
46 -1.246844 0.000000 2.558349 16.259124 0.000952 3.445177 -0.002426 
47 -0.580907 0.000000 -0.584755 16.104251 -0.012902 3.498607 0.014417 
48 -1.246844 0.000000 -0.584755 16.207607 -0.001155 3.488424 0.002556 
49 -0.580907 0.000000 -1.213376 16.163588 -0.002901 3.439090 0.008967 
50 -0.580907 0.000000 0.043866 16.278200 0.004766 3.700487 -0.011299 
51 0.750967 0.000000 0.672487 16.468892 0.189481 2.742284 -0.011687 
52 0.085030 0.000000 0.672487 16.668181 0.101880 3.125491 -0.043719 
53 1.416905 0.000000 0.672487 16.447638 0.323642 2.525194 -0.005248 
54 0.750967 0.000000 1.301108 16.339073 0.027457 3.242660 -0.006971 
55 0.417999 0.000000 -0.270444 15.924577 -0.714421 1.966364 0.063837 
56 0.085030 0.000000 -0.270444 15.013190 -0.457007 2.625968 0.156262 
57 0.417999 0.000000 -0.584755 15.992184 -0.154462 2.853553 0.042254 
58 0.750967 0.000000 -0.270444 16.286860 -0.702822 2.198754 0.018035 
59 0.417999 0.000000 0.043866 16.759830 0.911419 -0.373919 -0.022871 
60 -0.580907 0.000000 0.672487 16.389789 0.014731 3.475133 -0.018660 
61 -1.246844 0.000000 0.672487 16.279976 0.002122 3.481774 -0.005808 
62 -0.580907 0.000000 1.301108 16.320880 0.006298 3.430412 -0.009359 
1 7 12 10 11 
2 12 2 13 10 
3 10 13 8 14 
4 1 17 15 16 
5 17 7 11 15 
6 16 15 18 6 
7 14 8 21 19 
8 19 21 3 22 
9 20 19 22 9 
10 11 25 23 24 
11 25 10 26 23 
12 23 26 14 27 
13 6 18 28 29 
14 28 20 9 30 
15 29 28 30 4 
16 15 33 31 32 
17 33 11 24 31 
18 32 31 34 18 
19 27 14 37 35 
20 35 37 19 38 
21 36 35 38 20 
22 24 41 39 40 
23 41 23 42 39 
24 39 42 27 43 
25 18 34 44 45 
26 44 36 20 46 
27 45 44 46 28 
28 31 49 47 48 
29 49 24 40 47 
30 47 40 5 50 
31 48 47 50 34 
32 5 43 51 52 
33 43 27 53 51 
34 51 53 35 54 
35 52 51 54 36 
36 40 57 55 56 
37 57 39 58 55 
38 55 58 43 59 
39 56 55 59 5 
40 34 50 60 61 
41 50 5 52 60 
42 60 52 36 62 
43 61 60 62 44 
